M'Zoc 1108011188

PATROLOGIAE

111111 (1011111111

tute

0108108110οΑ 01180081818,1118180111,οΝ180111118,00110001,Ἔο011011101,

MMMMM 88. 818888, 88888888 881118 8888888888 8888 8888118881188811

ΑΒ 1080 1808808100 1οω1110000118111118οΜ80111

1111111111;

11111111 111011101111

1111111011 0018 0188180110 11011011011801101101811081010 81110181011188011 0110000111 81110111
1100808110 8100081, ·

11111 11111111111111111111111, 1111111 1111111- 111111111 commus 111111111111111111111.
1111111 1111111111 casuum
111111111111111, 111111111111111111111111 1111111111 commum 1111111τ1ς
11111111 11111111 vost 1111111111 1111111111 oum 111111 1111111111111111111111111111111111
11111111, wem
11111111 11111111111111 1111111111, 1111111 sm 111111, sm 11111111111111111111111111
summamus, 111111;
1111111111111111111 1111111 1111 1111111111. 111111 11 111111111111111111111111111 1111111111 sumum
11111111111111111111111 1111111111 11111111111111, nomm
11111111 cun 11111 w· 1111111111, 111111 vno 1111111111 11 111111 11 smmum
1111111111111 11111111111,1111111111;
111111111111111111111111111111111111 ; 1111111111111 11011011, ouo 11111111, outonem
1111111111 1111111 11111111111111111111111111111 1111111 consumtum 111111
8001880100 81111110, nx ono 11111111111111111111 111111111111111111
11 111111111111111 111111 mas 11111111 1111111111 1111111111
11111111111111111111111111 sm. .
111111 111111111111,1111111111 11111111 11111111111111111,11 111111111111 : 111111111111 1111111111

amu 11111111,1111111111 111111,111111111 1111111111, 1111111111111111 run 11111111
m 11111111, 111111 1111111111 11111111 conum 1111111 1111111111111111111 1111111111 >

11111111, 111111 1111111111,1111111111111111111111111, 111, 1111111111 11111111111111,

1111111111111111111111111 1111111ο11111111 1111111111 11111 1111111111,
1111111 111111 11 111111 1111111111, ex 1111111111111111111111, ,
meos, 11111111111111111111111111, 111111111111.

80111188 PRIMA,

' 111 1101 8110000118 111111,1101101111111110118000 1111111111010 ,
18811101. 811110 10 0800011100 11101100. ·

1111111111. 1111111, ‘

111111111111111111111 11111111 semma 0111111111 nuos 1111111.

1 m

1111111111 Tomos 11111.

S. 1111111111111111111111111, S. 1011 811111111,8.008111101111 0111111111, 1111111011
monemus, 11080111811111111, 81001111 180181811118, 8.’ 8011811801 811111,
0011018188. 00001111 01111111111111, 810881 0111111111, ’ ’

S. 808101811800118111111111111111111, y
1011111 umus.

M ⁴ ,

1111118118, 101118 1800 0011’,011011

1111111111 1·,1111111 puts 11 11111111 111111,
ov 111τ11·11011τ1100011

1888.

 

