1

1115

100101101560.

11110107· 51·

Lugdunum. 180, 517, 570.

Lugdunensis 10010110 dudi 01110, 151

Lugdunensium 11011010, 10.

Lugdunensis 0010110111, ,151. 1101111011 00011001, 115.
111 10010111. 10100001 0001100100110010010111,
’151101 5155515015.

nnuman.

11101111, 501, 511
1105105101111, 56.
5151οἓ100110111010, 111. 801101101011001101011, 507.
11ὧ1181οἑ71ὂ1110100011111111, 191, 191, 511, 511,517,511,

δ11101110110111, 515.

1110111111 0111111117 A

1100111001, 1110. ·
1’40511111’1501151181[11151005101510155511111551155050151118Ἱ19
1100110101. 101111001511

ι,1111011111011010 11 8000001101 stetinenses 111171.

animumn& 552111, 515, 511, 515, 517, 518. 1111111,

1111555 Ι1801551500 1,551η
Marcellinus 0010111110, 17.

11100111000100111158 01111,115.
1111001101 1111.1,16.

111111 10101 110110, 581.
1111 110101 115.
1110111161, 519.

’ 111101010011111101011156,509,510,561, 595.
. 1111001101 100110,155

1110011001110101,151.

1111101 11, 560.

1111111 01100111, 51.
1111111110,500,105.

1111111 000101 116. Tubu, 105. 00111, 101 1111100111 10·
1011, 551. 11110111, 157.
1111110101,561.

11111100 11110 111.
05510.

11111 101000111001, 159. ’
11110111 ,165 100111, 590.
1111100001, 171.
111110101100, 116.
nunus 0 ·
1110101 1101011 111101, 516.

0111000000οη 115, 501. 1111110111, 115.
0101100001, 1Ἰ.

111601, 555.1’111111,107.(”0101111,505,515, 107.

‘ 1161011100016000110100111111000016001, 50.

10610111106010111011100, 109.
medioximum, 151.

1106111101 11100011, 111.
11οκ0111100 01011001 115. ,
1000100011, 560.

11001061110001101, 550 E 1100011 ejus 1111011 105

100011010011,11.
0010010101, 8³⁹

1110111101010061 10011111, 581.

nennius,

1101110111 ³⁴⁴6, m ’

· 1101101111 01101,11,500.

11010111 0010161010101001101, 501.

1101,01101810110111 501. Pius, 517.
17011111. 188.

1110100 16100157.
11110111 1111011, 177
1111101 1001111111, 15. 81011011101101111, 175
0101110001001111110111,100.
111010101001, 10.
1111101 Argon, 555.
111111, 571, 516.
1111111111101, 555. 1011010110001101, 591.
audouarius 000101 1111001, 101.
1100010 01101101110611110010,.99
11011011 esne ο,111.

11011111 0011101 11 vestiuntur sne

inuisus 10 5111801011.

1181

“mm 0010111106110 00110101 001100101001101111011·

¹325 515

Hunni? 13111ι m
10010011110011101,18.
1011001111101115Ῐ

1000111011, 115. ,.
0000133110εοτὶἓο 01116160 0010011 0111011115.

ωιξιιὲτὲἪω, 500.1.1061101,5991010 0110001181-

0110001010117.

0110111111 1111.”,.155

Nati 00111 prodigus, 191.
0101010111, 11.. ·

inimi? ⁸²⁵

·¹ §33¹3sz (1111110011, 519. 1000110651

Ν..0,1111,8 551.
1110101511, 511.
111001 nunus 511.

’-0’110101110110001,581.

010011100000011011111,111.
0100111011111106111181.,

inu 11110...
&immunda 551.

01100. Ἄ

affligi 3011061010101111111100110, 1
nnnudninninnnnnnnn ³⁶⁸
Nuntia 0001110000 studentibus inibunt, 51.

0,0100016101 500. 1
Ο

0011111001 1001. 110.

0610110011101,155.

06101111011515.

3001110101.

01011111 0111100110 151.

3505151115180οἺ510115551159

3031100311ὧο 'lubun 0011101111 0011 10011001 0011110111, 117.
001111110111110111. y

3111511155 11150001 0100111,110.

(100031501010011061 01001801,’116.111111101010100 1111001111-

01111111010001101010111101,117.
315ἐ251511518511511151355. 5550001001, 151.

010 01 01110011 11001111 0101611, 516. De 11111111 11061
bus 100010101011611110101, 579
0111011111111100101111, 159.
3001003158· ···
0111011110 uetulum. 519, 555.

. ounninuginosnn, 00

011610051, 185.
010011011171.

Ρ

10011101, 16. ’1110100101101 0110110111 0101011, 17. 10
nu 101110.

111 ,116. 557 196.

Ρ1111000116111110,111.

911116110011101, 111.

Palladiorum 111101, 196.

0111101111, 155.

Ρ111161101’100,518.1000,571.

11111111 mundissimi, 111, 116 001101110101,568
1110611010111111111,155.

¹ 116010101110110.

 

